timestamp,rt_price_mwh,rt_price_kwh,scheduled_kw,desired_kw,executed_kw,deviation_kw,energy_charged_kwh,energy_discharged_kwh,soc_before_kwh,soc_after_kwh,rt_dev_rev_$,deg_cost_$
2025-09-13 13:00:00+00:00,0.17908,0.00017908,0.0,0.0,0.0,0.0,0.0,0.0,500.0,500.0,0.0,0.0
2025-09-13 13:05:00+00:00,42.59203,0.04259203,0.0,0.0,0.0,0.0,0.0,0.0,500.0,500.0,0.0,0.0
2025-09-13 13:10:00+00:00,42.42202,0.042422020000000005,0.0,0.0,0.0,0.0,0.0,0.0,500.0,500.0,0.0,0.0
2025-09-13 13:15:00+00:00,-0.61754,-0.00061754,0.0,0.0,0.0,0.0,0.0,0.0,500.0,500.0,-0.0,0.0
2025-09-13 13:20:00+00:00,-0.62308,-0.0006230799999999999,0.0,0.0,0.0,0.0,0.0,0.0,500.0,500.0,-0.0,0.0
2025-09-13 13:25:00+00:00,43.68997,0.04368997,0.0,0.0,0.0,0.0,0.0,0.0,500.0,500.0,0.0,0.0
2025-09-13 13:30:00+00:00,-0.47198,-0.00047198,0.0,0.0,0.0,0.0,0.0,0.0,500.0,500.0,-0.0,0.0
2025-09-13 13:35:00+00:00,43.70188,0.043701880000000005,0.0,0.0,0.0,0.0,0.0,0.0,500.0,500.0,0.0,0.0
2025-09-13 13:40:00+00:00,-0.47198,-0.00047198,0.0,0.0,0.0,0.0,0.0,0.0,500.0,500.0,-0.0,0.0
2025-09-13 13:45:00+00:00,-0.40664,-0.00040664,0.0,0.0,0.0,0.0,0.0,0.0,500.0,500.0,-0.0,0.0
2025-09-13 13:50:00+00:00,-0.40412,-0.00040412,0.0,0.0,0.0,0.0,0.0,0.0,500.0,500.0,-0.0,0.0
2025-09-13 13:55:00+00:00,-0.40827,-0.00040827,0.0,0.0,0.0,0.0,0.0,0.0,500.0,500.0,-0.0,0.0
2025-09-13 14:00:00+00:00,44.99644,0.04499644,0.0,0.0,0.0,0.0,0.0,0.0,500.0,500.0,0.0,0.0
2025-09-13 14:05:00+00:00,0.0,0.0,0.0,0.0,0.0,0.0,0.0,0.0,500.0,500.0,0.0,0.0
2025-09-13 14:10:00+00:00,-0.05006,-5.006e-05,0.0,0.0,0.0,0.0,0.0,0.0,500.0,500.0,-0.0,0.0
2025-09-13 14:15:00+00:00,41.74592,0.04174592,0.0,0.0,0.0,0.0,0.0,0.0,500.0,500.0,0.0,0.0
2025-09-13 14:20:00+00:00,0.0,0.0,0.0,0.0,0.0,0.0,0.0,0.0,500.0,500.0,0.0,0.0
2025-09-13 14:25:00+00:00,37.00956,0.037009560000000004,0.0,0.0,0.0,0.0,0.0,0.0,500.0,500.0,0.0,0.0
2025-09-13 14:30:00+00:00,30.16456,0.03016456,0.0,0.0,0.0,0.0,0.0,0.0,500.0,500.0,0.0,0.0
2025-09-13 14:35:00+00:00,1.00318,0.00100318,0.0,0.0,0.0,0.0,0.0,0.0,500.0,500.0,0.0,0.0
2025-09-13 14:40:00+00:00,30.43025,0.030430250000000002,0.0,0.0,0.0,0.0,0.0,0.0,500.0,500.0,0.0,0.0
2025-09-13 14:45:00+00:00,3.35138,0.0033513799999999997,0.0,0.0,0.0,0.0,0.0,0.0,500.0,500.0,0.0,0.0
2025-09-13 14:50:00+00:00,0.56758,0.0005675799999999999,0.0,0.0,0.0,0.0,0.0,0.0,500.0,500.0,0.0,0.0
2025-09-13 14:55:00+00:00,0.5515,0.0005515,0.0,0.0,0.0,0.0,0.0,0.0,500.0,500.0,0.0,0.0
2025-09-13 15:00:00+00:00,0.14935,0.00014935,0.0,0.0,0.0,0.0,0.0,0.0,500.0,500.0,0.0,0.0
2025-09-13 15:05:00+00:00,0.65337,0.00065337,0.0,0.0,0.0,0.0,0.0,0.0,500.0,500.0,0.0,0.0
2025-09-13 15:10:00+00:00,0.6066,0.0006066,0.0,0.0,0.0,0.0,0.0,0.0,500.0,500.0,0.0,0.0
2025-09-13 15:15:00+00:00,2.53994,0.00253994,0.0,0.0,0.0,0.0,0.0,0.0,500.0,500.0,0.0,0.0
2025-09-13 15:20:00+00:00,20.58463,0.02058463,0.0,0.0,0.0,0.0,0.0,0.0,500.0,500.0,0.0,0.0
2025-09-13 15:25:00+00:00,18.72821,0.018728210000000002,0.0,0.0,0.0,0.0,0.0,0.0,500.0,500.0,0.0,0.0
2025-09-13 15:30:00+00:00,18.5165,0.0185165,0.0,0.0,0.0,0.0,0.0,0.0,500.0,500.0,0.0,0.0
2025-09-13 15:35:00+00:00,18.72956,0.01872956,0.0,0.0,0.0,0.0,0.0,0.0,500.0,500.0,0.0,0.0
2025-09-13 15:40:00+00:00,4.48196,0.00448196,0.0,0.0,0.0,0.0,0.0,0.0,500.0,500.0,0.0,0.0
2025-09-13 15:45:00+00:00,17.04375,0.01704375,0.0,0.0,0.0,0.0,0.0,0.0,500.0,500.0,0.0,0.0
2025-09-13 15:50:00+00:00,17.24092,0.01724092,0.0,0.0,0.0,0.0,0.0,0.0,500.0,500.0,0.0,0.0
2025-09-13 15:55:00+00:00,17.29194,0.01729194,0.0,0.0,0.0,0.0,0.0,0.0,500.0,500.0,0.0,0.0
2025-09-13 16:00:00+00:00,0.57643,0.00057643,0.0,0.0,0.0,0.0,0.0,0.0,500.0,500.0,0.0,0.0
2025-09-13 16:05:00+00:00,0.60031,0.0006003100000000001,0.0,0.0,0.0,0.0,0.0,0.0,500.0,500.0,0.0,0.0
2025-09-13 16:10:00+00:00,0.55817,0.0005581700000000001,0.0,0.0,0.0,0.0,0.0,0.0,500.0,500.0,0.0,0.0
2025-09-13 16:15:00+00:00,20.17558,0.02017558,0.0,0.0,0.0,0.0,0.0,0.0,500.0,500.0,0.0,0.0
2025-09-13 16:20:00+00:00,36.69281,0.03669281,0.0,0.0,0.0,0.0,0.0,0.0,500.0,500.0,0.0,0.0
2025-09-13 16:25:00+00:00,20.33004,0.02033004,0.0,0.0,0.0,0.0,0.0,0.0,500.0,500.0,0.0,0.0
2025-09-13 16:30:00+00:00,17.28178,0.01728178,0.0,0.0,0.0,0.0,0.0,0.0,500.0,500.0,0.0,0.0
2025-09-13 16:35:00+00:00,19.60706,0.01960706,0.0,0.0,0.0,0.0,0.0,0.0,500.0,500.0,0.0,0.0
2025-09-13 16:40:00+00:00,37.40918,0.03740918,0.0,0.0,0.0,0.0,0.0,0.0,500.0,500.0,0.0,0.0
2025-09-13 16:45:00+00:00,19.47058,0.01947058,0.0,0.0,0.0,0.0,0.0,0.0,500.0,500.0,0.0,0.0
2025-09-13 16:50:00+00:00,0.55629,0.00055629,0.0,0.0,0.0,0.0,0.0,0.0,500.0,500.0,0.0,0.0
2025-09-13 16:55:00+00:00,38.12931,0.03812931,0.0,0.0,0.0,0.0,0.0,0.0,500.0,500.0,0.0,0.0
2025-09-13 17:00:00+00:00,19.94759,0.01994759,0.0,0.0,0.0,0.0,0.0,0.0,500.0,500.0,0.0,0.0
2025-09-13 17:05:00+00:00,0.371,0.000371,0.0,0.0,0.0,0.0,0.0,0.0,500.0,500.0,0.0,0.0
2025-09-13 17:10:00+00:00,1.6279,0.0016278999999999998,0.0,0.0,0.0,0.0,0.0,0.0,500.0,500.0,0.0,0.0
2025-09-13 17:15:00+00:00,0.37359,0.00037359,0.0,0.0,0.0,0.0,0.0,0.0,500.0,500.0,0.0,0.0
2025-09-13 17:20:00+00:00,1.6259,0.0016259,0.0,0.0,0.0,0.0,0.0,0.0,500.0,500.0,0.0,0.0
2025-09-13 17:25:00+00:00,21.59088,0.02159088,0.0,0.0,0.0,0.0,0.0,0.0,500.0,500.0,0.0,0.0
2025-09-13 17:30:00+00:00,22.68221,0.02268221,0.0,0.0,0.0,0.0,0.0,0.0,500.0,500.0,0.0,0.0
2025-09-13 17:35:00+00:00,20.35644,0.02035644,0.0,0.0,0.0,0.0,0.0,0.0,500.0,500.0,0.0,0.0
2025-09-13 17:40:00+00:00,1.32648,0.00132648,0.0,0.0,0.0,0.0,0.0,0.0,500.0,500.0,0.0,0.0
2025-09-13 17:45:00+00:00,22.63526,0.022635259999999997,0.0,0.0,0.0,0.0,0.0,0.0,500.0,500.0,0.0,0.0
2025-09-13 17:50:00+00:00,22.44485,0.02244485,0.0,0.0,0.0,0.0,0.0,0.0,500.0,500.0,0.0,0.0
2025-09-13 17:55:00+00:00,0.97921,0.00097921,0.0,0.0,0.0,0.0,0.0,0.0,500.0,500.0,0.0,0.0
2025-09-13 18:00:00+00:00,24.37657,0.02437657,0.0,0.0,0.0,0.0,0.0,0.0,500.0,500.0,0.0,0.0
2025-09-13 18:05:00+00:00,0.40283,0.00040283,0.0,0.0,0.0,0.0,0.0,0.0,500.0,500.0,0.0,0.0
2025-09-13 18:10:00+00:00,22.22506,0.022225059999999998,0.0,0.0,0.0,0.0,0.0,0.0,500.0,500.0,0.0,0.0
2025-09-13 18:15:00+00:00,22.74305,0.02274305,0.0,0.0,0.0,0.0,0.0,0.0,500.0,500.0,0.0,0.0
2025-09-13 18:20:00+00:00,0.0,0.0,0.0,0.0,0.0,0.0,0.0,0.0,500.0,500.0,0.0,0.0
2025-09-13 18:25:00+00:00,0.38293,0.00038292999999999997,0.0,0.0,0.0,0.0,0.0,0.0,500.0,500.0,0.0,0.0
2025-09-13 18:30:00+00:00,24.05645,0.02405645,0.0,0.0,0.0,0.0,0.0,0.0,500.0,500.0,0.0,0.0
2025-09-13 18:35:00+00:00,23.40048,0.02340048,0.0,0.0,0.0,0.0,0.0,0.0,500.0,500.0,0.0,0.0
2025-09-13 18:40:00+00:00,23.27155,0.023271550000000002,0.0,0.0,0.0,0.0,0.0,0.0,500.0,500.0,0.0,0.0
2025-09-13 18:45:00+00:00,0.27518,0.00027518,0.0,0.0,0.0,0.0,0.0,0.0,500.0,500.0,0.0,0.0
2025-09-13 18:50:00+00:00,21.53781,0.02153781,0.0,0.0,0.0,0.0,0.0,0.0,500.0,500.0,0.0,0.0
2025-09-13 18:55:00+00:00,21.55431,0.02155431,0.0,0.0,0.0,0.0,0.0,0.0,500.0,500.0,0.0,0.0
2025-09-13 19:00:00+00:00,20.58795,0.02058795,0.0,0.0,0.0,0.0,0.0,0.0,500.0,500.0,0.0,0.0
2025-09-13 19:05:00+00:00,0.0,0.0,0.0,0.0,0.0,0.0,0.0,0.0,500.0,500.0,0.0,0.0
2025-09-13 19:10:00+00:00,19.49047,0.01949047,0.0,0.0,0.0,0.0,0.0,0.0,500.0,500.0,0.0,0.0
2025-09-13 19:15:00+00:00,0.33994,0.00033994,0.0,0.0,0.0,0.0,0.0,0.0,500.0,500.0,0.0,0.0
2025-09-13 19:20:00+00:00,0.32448,0.00032448,0.0,0.0,0.0,0.0,0.0,0.0,500.0,500.0,0.0,0.0
2025-09-13 19:25:00+00:00,18.29518,0.018295179999999998,0.0,0.0,0.0,0.0,0.0,0.0,500.0,500.0,0.0,0.0
2025-09-13 19:30:00+00:00,0.0,0.0,0.0,0.0,0.0,0.0,0.0,0.0,500.0,500.0,0.0,0.0
2025-09-13 19:35:00+00:00,0.0,0.0,0.0,0.0,0.0,0.0,0.0,0.0,500.0,500.0,0.0,0.0
2025-09-13 19:40:00+00:00,0.29237,0.00029237,0.0,0.0,0.0,0.0,0.0,0.0,500.0,500.0,0.0,0.0
2025-09-13 19:45:00+00:00,0.0,0.0,0.0,0.0,0.0,0.0,0.0,0.0,500.0,500.0,0.0,0.0
2025-09-13 19:50:00+00:00,20.83658,0.02083658,0.0,0.0,0.0,0.0,0.0,0.0,500.0,500.0,0.0,0.0
2025-09-13 19:55:00+00:00,20.32812,0.020328119999999998,0.0,0.0,0.0,0.0,0.0,0.0,500.0,500.0,0.0,0.0
2025-09-13 20:00:00+00:00,0.00199,1.99e-06,0.0,0.0,0.0,0.0,0.0,0.0,500.0,500.0,0.0,0.0
2025-09-13 20:05:00+00:00,18.24738,0.01824738,0.0,0.0,0.0,0.0,0.0,0.0,500.0,500.0,0.0,0.0
2025-09-13 20:10:00+00:00,19.11216,0.01911216,0.0,0.0,0.0,0.0,0.0,0.0,500.0,500.0,0.0,0.0
2025-09-13 20:15:00+00:00,19.45261,0.01945261,0.0,0.0,0.0,0.0,0.0,0.0,500.0,500.0,0.0,0.0
2025-09-13 20:20:00+00:00,20.14317,0.020143170000000002,0.0,0.0,0.0,0.0,0.0,0.0,500.0,500.0,0.0,0.0
2025-09-13 20:25:00+00:00,21.06046,0.02106046,0.0,0.0,0.0,0.0,0.0,0.0,500.0,500.0,0.0,0.0
2025-09-13 20:30:00+00:00,1.66012,0.00166012,0.0,0.0,0.0,0.0,0.0,0.0,500.0,500.0,0.0,0.0
2025-09-13 20:35:00+00:00,22.86446,0.02286446,0.0,0.0,0.0,0.0,0.0,0.0,500.0,500.0,0.0,0.0
2025-09-13 20:40:00+00:00,2.89817,0.00289817,0.0,0.0,0.0,0.0,0.0,0.0,500.0,500.0,0.0,0.0
2025-09-13 20:45:00+00:00,0.76579,0.0007657899999999999,0.0,0.0,0.0,0.0,0.0,0.0,500.0,500.0,0.0,0.0
2025-09-13 20:50:00+00:00,19.21288,0.019212879999999998,0.0,0.0,0.0,0.0,0.0,0.0,500.0,500.0,0.0,0.0
2025-09-13 20:55:00+00:00,19.89611,0.01989611,0.0,0.0,0.0,0.0,0.0,0.0,500.0,500.0,0.0,0.0
2025-09-13 21:00:00+00:00,0.22466,0.00022466,0.0,0.0,0.0,0.0,0.0,0.0,500.0,500.0,0.0,0.0
2025-09-13 21:05:00+00:00,0.06275,6.275e-05,0.0,0.0,0.0,0.0,0.0,0.0,500.0,500.0,0.0,0.0
2025-09-13 21:10:00+00:00,3.46666,0.00346666,0.0,0.0,0.0,0.0,0.0,0.0,500.0,500.0,0.0,0.0
2025-09-13 21:15:00+00:00,14.3639,0.014363899999999999,0.0,0.0,0.0,0.0,0.0,0.0,500.0,500.0,0.0,0.0
2025-09-13 21:20:00+00:00,0.34505,0.00034505,0.0,0.0,0.0,0.0,0.0,0.0,500.0,500.0,0.0,0.0
2025-09-13 21:25:00+00:00,6.18283,0.00618283,0.0,0.0,0.0,0.0,0.0,0.0,500.0,500.0,0.0,0.0
2025-09-13 21:30:00+00:00,22.98145,0.02298145,0.0,0.0,0.0,0.0,0.0,0.0,500.0,500.0,0.0,0.0
2025-09-13 21:35:00+00:00,7.34849,0.00734849,0.0,0.0,0.0,0.0,0.0,0.0,500.0,500.0,0.0,0.0
2025-09-13 21:40:00+00:00,7.38159,0.00738159,0.0,0.0,0.0,0.0,0.0,0.0,500.0,500.0,0.0,0.0
2025-09-13 21:45:00+00:00,0.40176,0.00040176000000000003,0.0,0.0,0.0,0.0,0.0,0.0,500.0,500.0,0.0,0.0
2025-09-13 21:50:00+00:00,18.77676,0.01877676,0.0,0.0,0.0,0.0,0.0,0.0,500.0,500.0,0.0,0.0
2025-09-13 21:55:00+00:00,25.68798,0.02568798,0.0,0.0,0.0,0.0,0.0,0.0,500.0,500.0,0.0,0.0
2025-09-13 22:00:00+00:00,7.48482,0.00748482,0.0,0.0,0.0,0.0,0.0,0.0,500.0,500.0,0.0,0.0
2025-09-13 22:05:00+00:00,0.44802,0.00044802,0.0,0.0,0.0,0.0,0.0,0.0,500.0,500.0,0.0,0.0
2025-09-13 22:10:00+00:00,26.11749,0.02611749,0.0,0.0,0.0,0.0,0.0,0.0,500.0,500.0,0.0,0.0
2025-09-13 22:15:00+00:00,24.16443,0.02416443,0.0,0.0,0.0,0.0,0.0,0.0,500.0,500.0,0.0,0.0
2025-09-13 22:20:00+00:00,23.5185,0.0235185,0.0,0.0,0.0,0.0,0.0,0.0,500.0,500.0,0.0,0.0
2025-09-13 22:25:00+00:00,0.3161,0.0003161,0.0,0.0,0.0,0.0,0.0,0.0,500.0,500.0,0.0,0.0
2025-09-13 22:30:00+00:00,10.72757,0.01072757,0.0,0.0,0.0,0.0,0.0,0.0,500.0,500.0,0.0,0.0
2025-09-13 22:35:00+00:00,12.36893,0.01236893,0.0,0.0,0.0,0.0,0.0,0.0,500.0,500.0,0.0,0.0
2025-09-13 22:40:00+00:00,12.80974,0.01280974,0.0,0.0,0.0,0.0,0.0,0.0,500.0,500.0,0.0,0.0
2025-09-13 22:45:00+00:00,20.93804,0.02093804,0.0,0.0,0.0,0.0,0.0,0.0,500.0,500.0,0.0,0.0
2025-09-13 22:50:00+00:00,34.19367,0.034193669999999995,0.0,0.0,0.0,0.0,0.0,0.0,500.0,500.0,0.0,0.0
2025-09-13 22:55:00+00:00,0.3995,0.0003995,0.0,0.0,0.0,0.0,0.0,0.0,500.0,500.0,0.0,0.0
2025-09-13 23:00:00+00:00,24.96953,0.02496953,0.0,0.0,0.0,0.0,0.0,0.0,500.0,500.0,0.0,0.0
2025-09-13 23:05:00+00:00,16.82549,0.01682549,0.0,0.0,0.0,0.0,0.0,0.0,500.0,500.0,0.0,0.0
2025-09-13 23:10:00+00:00,0.18764,0.00018764,0.0,0.0,0.0,0.0,0.0,0.0,500.0,500.0,0.0,0.0
2025-09-13 23:15:00+00:00,1.81369,0.00181369,0.0,0.0,0.0,0.0,0.0,0.0,500.0,500.0,0.0,0.0
2025-09-13 23:20:00+00:00,14.26482,0.014264820000000001,0.0,0.0,0.0,0.0,0.0,0.0,500.0,500.0,0.0,0.0
2025-09-13 23:25:00+00:00,13.30141,0.013301410000000001,0.0,0.0,0.0,0.0,0.0,0.0,500.0,500.0,0.0,0.0
2025-09-13 23:30:00+00:00,0.36354,0.00036354,0.0,0.0,0.0,0.0,0.0,0.0,500.0,500.0,0.0,0.0
2025-09-13 23:35:00+00:00,0.39397,0.00039397,0.0,0.0,0.0,0.0,0.0,0.0,500.0,500.0,0.0,0.0
2025-09-13 23:40:00+00:00,0.37444,0.00037443999999999997,0.0,0.0,0.0,0.0,0.0,0.0,500.0,500.0,0.0,0.0
2025-09-13 23:45:00+00:00,20.40414,0.02040414,0.0,0.0,0.0,0.0,0.0,0.0,500.0,500.0,0.0,0.0
2025-09-13 23:50:00+00:00,0.41962,0.00041962,0.0,0.0,0.0,0.0,0.0,0.0,500.0,500.0,0.0,0.0
2025-09-13 23:55:00+00:00,0.4202,0.0004202,0.0,0.0,0.0,0.0,0.0,0.0,500.0,500.0,0.0,0.0
2025-09-14 00:00:00+00:00,0.23291,0.00023291000000000002,0.0,0.0,0.0,0.0,0.0,0.0,500.0,500.0,0.0,0.0
2025-09-14 00:05:00+00:00,26.5465,0.0265465,0.0,0.0,0.0,0.0,0.0,0.0,500.0,500.0,0.0,0.0
2025-09-14 00:10:00+00:00,26.3635,0.026363499999999998,0.0,0.0,0.0,0.0,0.0,0.0,500.0,500.0,0.0,0.0
2025-09-14 00:15:00+00:00,2.62517,0.0026251699999999996,0.0,0.0,0.0,0.0,0.0,0.0,500.0,500.0,0.0,0.0
2025-09-14 00:20:00+00:00,0.4644,0.00046439999999999996,0.0,0.0,0.0,0.0,0.0,0.0,500.0,500.0,0.0,0.0
2025-09-14 00:25:00+00:00,32.84571,0.03284571,0.0,0.0,0.0,0.0,0.0,0.0,500.0,500.0,0.0,0.0
2025-09-14 00:30:00+00:00,-0.08808,-8.808000000000001e-05,0.0,0.0,0.0,0.0,0.0,0.0,500.0,500.0,-0.0,0.0
2025-09-14 00:35:00+00:00,-0.10033,-0.00010033,0.0,0.0,0.0,0.0,0.0,0.0,500.0,500.0,-0.0,0.0
2025-09-14 00:40:00+00:00,-0.10737,-0.00010737,0.0,0.0,0.0,0.0,0.0,0.0,500.0,500.0,-0.0,0.0
2025-09-14 00:45:00+00:00,0.0,0.0,0.0,0.0,0.0,0.0,0.0,0.0,500.0,500.0,0.0,0.0
2025-09-14 00:50:00+00:00,-0.0354,-3.54e-05,0.0,0.0,0.0,0.0,0.0,0.0,500.0,500.0,-0.0,0.0
2025-09-14 00:55:00+00:00,-0.03702,-3.7019999999999995e-05,0.0,0.0,0.0,0.0,0.0,0.0,500.0,500.0,-0.0,0.0
2025-09-14 01:00:00+00:00,34.56926,0.03456926,0.0,0.0,0.0,0.0,0.0,0.0,500.0,500.0,0.0,0.0
2025-09-14 01:05:00+00:00,0.01069,1.069e-05,0.0,0.0,0.0,0.0,0.0,0.0,500.0,500.0,0.0,0.0
2025-09-14 01:10:00+00:00,36.29521,0.036295209999999994,0.0,0.0,0.0,0.0,0.0,0.0,500.0,500.0,0.0,0.0
2025-09-14 01:15:00+00:00,-0.05241,-5.241e-05,0.0,0.0,0.0,0.0,0.0,0.0,500.0,500.0,-0.0,0.0
2025-09-14 01:20:00+00:00,0.0,0.0,0.0,0.0,0.0,0.0,0.0,0.0,500.0,500.0,0.0,0.0
2025-09-14 01:25:00+00:00,-0.05616,-5.6160000000000004e-05,0.0,0.0,0.0,0.0,0.0,0.0,500.0,500.0,-0.0,0.0
2025-09-14 01:30:00+00:00,41.07893,0.04107893,0.0,0.0,0.0,0.0,0.0,0.0,500.0,500.0,0.0,0.0
2025-09-14 01:35:00+00:00,44.78686,0.04478686,0.0,0.0,0.0,0.0,0.0,0.0,500.0,500.0,0.0,0.0
2025-09-14 01:40:00+00:00,2.16387,0.00216387,0.0,0.0,0.0,0.0,0.0,0.0,500.0,500.0,0.0,0.0
2025-09-14 01:45:00+00:00,45.31365,0.045313650000000004,0.0,0.0,0.0,0.0,0.0,0.0,500.0,500.0,0.0,0.0
2025-09-14 01:50:00+00:00,43.2339,0.0432339,0.0,0.0,0.0,0.0,0.0,0.0,500.0,500.0,0.0,0.0
2025-09-14 01:55:00+00:00,-0.03034,-3.0339999999999998e-05,0.0,0.0,0.0,0.0,0.0,0.0,500.0,500.0,-0.0,0.0
2025-09-14 02:00:00+00:00,39.53836,0.039538359999999995,0.0,0.0,0.0,0.0,0.0,0.0,500.0,500.0,0.0,0.0
2025-09-14 02:05:00+00:00,55.0748,0.0550748,0.0,0.0,0.0,0.0,0.0,0.0,500.0,500.0,0.0,0.0
2025-09-14 02:10:00+00:00,-0.01173,-1.1730000000000001e-05,0.0,0.0,0.0,0.0,0.0,0.0,500.0,500.0,-0.0,0.0
2025-09-14 02:15:00+00:00,8.75415,0.008754149999999999,0.0,0.0,0.0,0.0,0.0,0.0,500.0,500.0,0.0,0.0
2025-09-14 02:20:00+00:00,10.09857,0.010098570000000001,0.0,0.0,0.0,0.0,0.0,0.0,500.0,500.0,0.0,0.0
2025-09-14 02:25:00+00:00,41.88631,0.04188631,0.0,0.0,0.0,0.0,0.0,0.0,500.0,500.0,0.0,0.0
2025-09-14 02:30:00+00:00,37.11859,0.03711859,0.0,0.0,0.0,0.0,0.0,0.0,500.0,500.0,0.0,0.0
2025-09-14 02:35:00+00:00,-0.0037,-3.7e-06,0.0,0.0,0.0,0.0,0.0,0.0,500.0,500.0,-0.0,0.0
2025-09-14 02:40:00+00:00,-0.00367,-3.67e-06,0.0,0.0,0.0,0.0,0.0,0.0,500.0,500.0,-0.0,0.0
2025-09-14 02:45:00+00:00,36.60481,0.03660481,0.0,0.0,0.0,0.0,0.0,0.0,500.0,500.0,0.0,0.0
2025-09-14 02:50:00+00:00,2.29285,0.00229285,0.0,0.0,0.0,0.0,0.0,0.0,500.0,500.0,0.0,0.0
2025-09-14 02:55:00+00:00,38.68872,0.03868872,0.0,0.0,0.0,0.0,0.0,0.0,500.0,500.0,0.0,0.0
2025-09-14 03:00:00+00:00,35.21287,0.03521287,0.0,0.0,0.0,0.0,0.0,0.0,500.0,500.0,0.0,0.0
2025-09-14 03:05:00+00:00,38.47719,0.03847719,0.0,0.0,0.0,0.0,0.0,0.0,500.0,500.0,0.0,0.0
2025-09-14 03:10:00+00:00,34.5773,0.0345773,0.0,0.0,0.0,0.0,0.0,0.0,500.0,500.0,0.0,0.0
2025-09-14 03:15:00+00:00,36.54801,0.03654801,0.0,0.0,0.0,0.0,0.0,0.0,500.0,500.0,0.0,0.0
2025-09-14 03:20:00+00:00,36.34943,0.036349429999999995,0.0,0.0,0.0,0.0,0.0,0.0,500.0,500.0,0.0,0.0
2025-09-14 03:25:00+00:00,37.66554,0.03766554,0.0,0.0,0.0,0.0,0.0,0.0,500.0,500.0,0.0,0.0
2025-09-14 03:30:00+00:00,3.10763,0.0031076299999999997,0.0,0.0,0.0,0.0,0.0,0.0,500.0,500.0,0.0,0.0
2025-09-14 03:35:00+00:00,33.80299,0.03380299,0.0,0.0,0.0,0.0,0.0,0.0,500.0,500.0,0.0,0.0
2025-09-14 03:40:00+00:00,4.08706,0.00408706,0.0,0.0,0.0,0.0,0.0,0.0,500.0,500.0,0.0,0.0
2025-09-14 03:45:00+00:00,4.21479,0.0042147899999999995,0.0,0.0,0.0,0.0,0.0,0.0,500.0,500.0,0.0,0.0
2025-09-14 03:50:00+00:00,31.9745,0.031974499999999996,0.0,0.0,0.0,0.0,0.0,0.0,500.0,500.0,0.0,0.0
2025-09-14 03:55:00+00:00,0.20274,0.00020274,0.0,0.0,0.0,0.0,0.0,0.0,500.0,500.0,0.0,0.0
2025-09-14 04:00:00+00:00,0.0,0.0,0.0,0.0,0.0,0.0,0.0,0.0,500.0,500.0,0.0,0.0
2025-09-14 04:05:00+00:00,0.00454,4.54e-06,0.0,0.0,0.0,0.0,0.0,0.0,500.0,500.0,0.0,0.0
2025-09-14 04:10:00+00:00,0.03475,3.4750000000000004e-05,0.0,0.0,0.0,0.0,0.0,0.0,500.0,500.0,0.0,0.0
2025-09-14 04:15:00+00:00,38.83657,0.03883657,0.0,0.0,0.0,0.0,0.0,0.0,500.0,500.0,0.0,0.0
2025-09-14 04:20:00+00:00,38.82174,0.03882174,0.0,0.0,0.0,0.0,0.0,0.0,500.0,500.0,0.0,0.0
2025-09-14 04:25:00+00:00,0.0,0.0,0.0,0.0,0.0,0.0,0.0,0.0,500.0,500.0,0.0,0.0
2025-09-14 04:30:00+00:00,39.43559,0.03943559,0.0,0.0,0.0,0.0,0.0,0.0,500.0,500.0,0.0,0.0
2025-09-14 04:35:00+00:00,0.0,0.0,0.0,0.0,0.0,0.0,0.0,0.0,500.0,500.0,0.0,0.0
2025-09-14 04:40:00+00:00,-0.33769,-0.00033769,0.0,0.0,0.0,0.0,0.0,0.0,500.0,500.0,-0.0,0.0
2025-09-14 04:45:00+00:00,39.09962,0.03909962,0.0,0.0,0.0,0.0,0.0,0.0,500.0,500.0,0.0,0.0
2025-09-14 04:50:00+00:00,0.0,0.0,0.0,0.0,0.0,0.0,0.0,0.0,500.0,500.0,0.0,0.0
2025-09-14 04:55:00+00:00,38.0026,0.038002600000000004,0.0,0.0,0.0,0.0,0.0,0.0,500.0,500.0,0.0,0.0
2025-09-14 05:00:00+00:00,40.9973,0.0409973,0.0,0.0,0.0,0.0,0.0,0.0,500.0,500.0,0.0,0.0
2025-09-14 05:05:00+00:00,-0.5355,-0.0005355,0.0,0.0,0.0,0.0,0.0,0.0,500.0,500.0,-0.0,0.0
2025-09-14 05:10:00+00:00,40.37757,0.04037757,0.0,0.0,0.0,0.0,0.0,0.0,500.0,500.0,0.0,0.0
2025-09-14 05:15:00+00:00,-0.64957,-0.00064957,0.0,0.0,0.0,0.0,0.0,0.0,500.0,500.0,-0.0,0.0
2025-09-14 05:20:00+00:00,40.12545,0.04012545,0.0,0.0,0.0,0.0,0.0,0.0,500.0,500.0,0.0,0.0
2025-09-14 05:25:00+00:00,0.09146,9.146e-05,0.0,0.0,0.0,0.0,0.0,0.0,500.0,500.0,0.0,0.0
2025-09-14 05:30:00+00:00,38.04105,0.03804105,0.0,0.0,0.0,0.0,0.0,0.0,500.0,500.0,0.0,0.0
2025-09-14 05:35:00+00:00,38.10917,0.03810917,0.0,0.0,0.0,0.0,0.0,0.0,500.0,500.0,0.0,0.0
2025-09-14 05:40:00+00:00,-0.66343,-0.00066343,0.0,0.0,0.0,0.0,0.0,0.0,500.0,500.0,-0.0,0.0
2025-09-14 05:45:00+00:00,38.03783,0.03803783,0.0,0.0,0.0,0.0,0.0,0.0,500.0,500.0,0.0,0.0
2025-09-14 05:50:00+00:00,38.08676,0.03808676,0.0,0.0,0.0,0.0,0.0,0.0,500.0,500.0,0.0,0.0
2025-09-14 05:55:00+00:00,37.3422,0.0373422,0.0,0.0,0.0,0.0,0.0,0.0,500.0,500.0,0.0,0.0
2025-09-14 06:00:00+00:00,0.06124,6.124e-05,0.0,0.0,0.0,0.0,0.0,0.0,500.0,500.0,0.0,0.0
2025-09-14 06:05:00+00:00,38.04406,0.038044060000000005,0.0,0.0,0.0,0.0,0.0,0.0,500.0,500.0,0.0,0.0
2025-09-14 06:10:00+00:00,38.40449,0.03840449,0.0,0.0,0.0,0.0,0.0,0.0,500.0,500.0,0.0,0.0
2025-09-14 06:15:00+00:00,0.04214,4.214e-05,0.0,0.0,0.0,0.0,0.0,0.0,500.0,500.0,0.0,0.0
2025-09-14 06:20:00+00:00,-0.5373,-0.0005373,0.0,0.0,0.0,0.0,0.0,0.0,500.0,500.0,-0.0,0.0
2025-09-14 06:25:00+00:00,-0.55353,-0.00055353,0.0,0.0,0.0,0.0,0.0,0.0,500.0,500.0,-0.0,0.0
2025-09-14 06:30:00+00:00,40.04993,0.040049930000000004,0.0,0.0,0.0,0.0,0.0,0.0,500.0,500.0,0.0,0.0
2025-09-14 06:35:00+00:00,0.0,0.0,0.0,0.0,0.0,0.0,0.0,0.0,500.0,500.0,0.0,0.0
2025-09-14 06:40:00+00:00,40.23864,0.04023864,0.0,0.0,0.0,0.0,0.0,0.0,500.0,500.0,0.0,0.0
2025-09-14 06:45:00+00:00,-0.77559,-0.00077559,0.0,0.0,0.0,0.0,0.0,0.0,500.0,500.0,-0.0,0.0
2025-09-14 06:50:00+00:00,-0.77928,-0.0007792799999999999,0.0,0.0,0.0,0.0,0.0,0.0,500.0,500.0,-0.0,0.0
2025-09-14 06:55:00+00:00,0.0,0.0,0.0,0.0,0.0,0.0,0.0,0.0,500.0,500.0,0.0,0.0
2025-09-14 07:00:00+00:00,-0.7508,-0.0007508,0.0,0.0,0.0,0.0,0.0,0.0,500.0,500.0,-0.0,0.0
2025-09-14 07:05:00+00:00,40.69569,0.04069569,0.0,0.0,0.0,0.0,0.0,0.0,500.0,500.0,0.0,0.0
2025-09-14 07:10:00+00:00,0.0,0.0,0.0,0.0,0.0,0.0,0.0,0.0,500.0,500.0,0.0,0.0
2025-09-14 07:15:00+00:00,0.0,0.0,0.0,0.0,0.0,0.0,0.0,0.0,500.0,500.0,0.0,0.0
2025-09-14 07:20:00+00:00,40.09453,0.040094529999999996,0.0,0.0,0.0,0.0,0.0,0.0,500.0,500.0,0.0,0.0
2025-09-14 07:25:00+00:00,0.0,0.0,0.0,0.0,0.0,0.0,0.0,0.0,500.0,500.0,0.0,0.0
2025-09-14 07:30:00+00:00,-0.83489,-0.00083489,0.0,0.0,0.0,0.0,0.0,0.0,500.0,500.0,-0.0,0.0
2025-09-14 07:35:00+00:00,-0.82955,-0.00082955,0.0,0.0,0.0,0.0,0.0,0.0,500.0,500.0,-0.0,0.0
2025-09-14 07:40:00+00:00,37.86544,0.03786544,0.0,0.0,0.0,0.0,0.0,0.0,500.0,500.0,0.0,0.0
2025-09-14 07:45:00+00:00,37.43356,0.03743356,0.0,0.0,0.0,0.0,0.0,0.0,500.0,500.0,0.0,0.0
2025-09-14 07:50:00+00:00,0.0,0.0,0.0,0.0,0.0,0.0,0.0,0.0,500.0,500.0,0.0,0.0
2025-09-14 07:55:00+00:00,37.35038,0.03735038,0.0,0.0,0.0,0.0,0.0,0.0,500.0,500.0,0.0,0.0
2025-09-14 08:00:00+00:00,-0.85937,-0.0008593699999999999,0.0,0.0,0.0,0.0,0.0,0.0,500.0,500.0,-0.0,0.0
2025-09-14 08:05:00+00:00,38.27192,0.03827192,0.0,0.0,0.0,0.0,0.0,0.0,500.0,500.0,0.0,0.0
2025-09-14 08:10:00+00:00,37.77262,0.03777262000000001,0.0,0.0,0.0,0.0,0.0,0.0,500.0,500.0,0.0,0.0
2025-09-14 08:15:00+00:00,36.18586,0.03618586,0.0,0.0,0.0,0.0,0.0,0.0,500.0,500.0,0.0,0.0
2025-09-14 08:20:00+00:00,35.95595,0.03595595,0.0,0.0,0.0,0.0,0.0,0.0,500.0,500.0,0.0,0.0
2025-09-14 08:25:00+00:00,36.46819,0.03646819,0.0,0.0,0.0,0.0,0.0,0.0,500.0,500.0,0.0,0.0
2025-09-14 08:30:00+00:00,0.0,0.0,0.0,0.0,0.0,0.0,0.0,0.0,500.0,500.0,0.0,0.0
2025-09-14 08:35:00+00:00,0.0,0.0,0.0,0.0,0.0,0.0,0.0,0.0,500.0,500.0,0.0,0.0
2025-09-14 08:40:00+00:00,35.60862,0.03560862,0.0,0.0,0.0,0.0,0.0,0.0,500.0,500.0,0.0,0.0
2025-09-14 08:45:00+00:00,0.0,0.0,0.0,0.0,0.0,0.0,0.0,0.0,500.0,500.0,0.0,0.0
2025-09-14 08:50:00+00:00,0.0,0.0,0.0,0.0,0.0,0.0,0.0,0.0,500.0,500.0,0.0,0.0
2025-09-14 08:55:00+00:00,-0.90324,-0.00090324,0.0,0.0,0.0,0.0,0.0,0.0,500.0,500.0,-0.0,0.0
2025-09-14 09:00:00+00:00,0.0,0.0,0.0,0.0,0.0,0.0,0.0,0.0,500.0,500.0,0.0,0.0
2025-09-14 09:05:00+00:00,37.58944,0.03758944,0.0,0.0,0.0,0.0,0.0,0.0,500.0,500.0,0.0,0.0
2025-09-14 09:10:00+00:00,0.0,0.0,0.0,0.0,0.0,0.0,0.0,0.0,500.0,500.0,0.0,0.0
2025-09-14 09:15:00+00:00,0.0,0.0,0.0,0.0,0.0,0.0,0.0,0.0,500.0,500.0,0.0,0.0
2025-09-14 09:20:00+00:00,0.0,0.0,0.0,0.0,0.0,0.0,0.0,0.0,500.0,500.0,0.0,0.0
2025-09-14 09:25:00+00:00,37.45669,0.03745669,0.0,0.0,0.0,0.0,0.0,0.0,500.0,500.0,0.0,0.0
2025-09-14 09:30:00+00:00,35.68864,0.03568864,0.0,0.0,0.0,0.0,0.0,0.0,500.0,500.0,0.0,0.0
2025-09-14 09:35:00+00:00,0.0,0.0,0.0,0.0,0.0,0.0,0.0,0.0,500.0,500.0,0.0,0.0
2025-09-14 09:40:00+00:00,36.45972,0.036459719999999994,0.0,0.0,0.0,0.0,0.0,0.0,500.0,500.0,0.0,0.0
2025-09-14 09:45:00+00:00,35.72746,0.03572746,0.0,0.0,0.0,0.0,0.0,0.0,500.0,500.0,0.0,0.0
2025-09-14 09:50:00+00:00,0.0,0.0,0.0,0.0,0.0,0.0,0.0,0.0,500.0,500.0,0.0,0.0
2025-09-14 09:55:00+00:00,37.33145,0.037331449999999995,0.0,0.0,0.0,0.0,0.0,0.0,500.0,500.0,0.0,0.0
2025-09-14 10:00:00+00:00,-0.92472,-0.00092472,0.0,0.0,0.0,0.0,0.0,0.0,500.0,500.0,-0.0,0.0
2025-09-14 10:05:00+00:00,36.08195,0.03608195,0.0,0.0,0.0,0.0,0.0,0.0,500.0,500.0,0.0,0.0
2025-09-14 10:10:00+00:00,36.34225,0.03634225,0.0,0.0,0.0,0.0,0.0,0.0,500.0,500.0,0.0,0.0
2025-09-14 10:15:00+00:00,36.10237,0.03610237,0.0,0.0,0.0,0.0,0.0,0.0,500.0,500.0,0.0,0.0
2025-09-14 10:20:00+00:00,36.71483,0.03671483,0.0,0.0,0.0,0.0,0.0,0.0,500.0,500.0,0.0,0.0
2025-09-14 10:25:00+00:00,-0.90472,-0.0009047199999999999,0.0,0.0,0.0,0.0,0.0,0.0,500.0,500.0,-0.0,0.0
2025-09-14 10:30:00+00:00,-0.88891,-0.00088891,0.0,0.0,0.0,0.0,0.0,0.0,500.0,500.0,-0.0,0.0
2025-09-14 10:35:00+00:00,-0.87524,-0.00087524,0.0,0.0,0.0,0.0,0.0,0.0,500.0,500.0,-0.0,0.0
2025-09-14 10:40:00+00:00,34.64114,0.03464114,0.0,0.0,0.0,0.0,0.0,0.0,500.0,500.0,0.0,0.0
2025-09-14 10:45:00+00:00,34.21112,0.03421112,0.0,0.0,0.0,0.0,0.0,0.0,500.0,500.0,0.0,0.0
2025-09-14 10:50:00+00:00,33.81213,0.03381213,0.0,0.0,0.0,0.0,0.0,0.0,500.0,500.0,0.0,0.0
2025-09-14 10:55:00+00:00,0.0,0.0,0.0,0.0,0.0,0.0,0.0,0.0,500.0,500.0,0.0,0.0
2025-09-14 11:00:00+00:00,33.70838,0.033708379999999996,0.0,0.0,0.0,0.0,0.0,0.0,500.0,500.0,0.0,0.0
2025-09-14 11:05:00+00:00,0.0,0.0,0.0,0.0,0.0,0.0,0.0,0.0,500.0,500.0,0.0,0.0
2025-09-14 11:10:00+00:00,35.09398,0.035093980000000004,0.0,0.0,0.0,0.0,0.0,0.0,500.0,500.0,0.0,0.0
2025-09-14 11:15:00+00:00,0.0,0.0,0.0,0.0,0.0,0.0,0.0,0.0,500.0,500.0,0.0,0.0
2025-09-14 11:20:00+00:00,34.61617,0.034616169999999995,0.0,0.0,0.0,0.0,0.0,0.0,500.0,500.0,0.0,0.0
2025-09-14 11:25:00+00:00,-0.77402,-0.00077402,0.0,0.0,0.0,0.0,0.0,0.0,500.0,500.0,-0.0,0.0
2025-09-14 11:30:00+00:00,-0.77565,-0.0007756499999999999,0.0,0.0,0.0,0.0,0.0,0.0,500.0,500.0,-0.0,0.0
2025-09-14 11:35:00+00:00,34.86959,0.03486959,0.0,0.0,0.0,0.0,0.0,0.0,500.0,500.0,0.0,0.0
2025-09-14 11:40:00+00:00,34.33635,0.03433635,0.0,0.0,0.0,0.0,0.0,0.0,500.0,500.0,0.0,0.0
2025-09-14 11:45:00+00:00,-0.76383,-0.00076383,0.0,0.0,0.0,0.0,0.0,0.0,500.0,500.0,-0.0,0.0
2025-09-14 11:50:00+00:00,-0.76912,-0.00076912,0.0,0.0,0.0,0.0,0.0,0.0,500.0,500.0,-0.0,0.0
2025-09-14 11:55:00+00:00,34.08176,0.03408176,0.0,0.0,0.0,0.0,0.0,0.0,500.0,500.0,0.0,0.0
2025-09-14 12:00:00+00:00,34.40751,0.03440751,0.0,0.0,0.0,0.0,0.0,0.0,500.0,500.0,0.0,0.0
2025-09-14 12:05:00+00:00,0.0,0.0,0.0,0.0,0.0,0.0,0.0,0.0,500.0,500.0,0.0,0.0
2025-09-14 12:10:00+00:00,34.5847,0.034584699999999996,0.0,0.0,0.0,0.0,0.0,0.0,500.0,500.0,0.0,0.0
2025-09-14 12:15:00+00:00,35.0943,0.035094299999999995,0.0,0.0,0.0,0.0,0.0,0.0,500.0,500.0,0.0,0.0
2025-09-14 12:20:00+00:00,35.00748,0.03500748,0.0,0.0,0.0,0.0,0.0,0.0,500.0,500.0,0.0,0.0
2025-09-14 12:25:00+00:00,36.56,0.03656,0.0,0.0,0.0,0.0,0.0,0.0,500.0,500.0,0.0,0.0
2025-09-14 12:30:00+00:00,-0.38377,-0.00038377,0.0,0.0,0.0,0.0,0.0,0.0,500.0,500.0,-0.0,0.0
2025-09-14 12:35:00+00:00,35.82105,0.03582105,0.0,0.0,0.0,0.0,0.0,0.0,500.0,500.0,0.0,0.0
2025-09-14 12:40:00+00:00,0.0,0.0,0.0,0.0,0.0,0.0,0.0,0.0,500.0,500.0,0.0,0.0
2025-09-14 12:45:00+00:00,36.23518,0.03623518,0.0,0.0,0.0,0.0,0.0,0.0,500.0,500.0,0.0,0.0
2025-09-14 12:50:00+00:00,-0.49507,-0.00049507,0.0,0.0,0.0,0.0,0.0,0.0,500.0,500.0,-0.0,0.0
2025-09-14 12:55:00+00:00,-0.49627,-0.0004962699999999999,0.0,0.0,0.0,0.0,0.0,0.0,500.0,500.0,-0.0,0.0
2025-09-14 13:00:00+00:00,37.45431,0.03745431,0.0,0.0,0.0,0.0,0.0,0.0,500.0,500.0,0.0,0.0
2025-09-14 13:05:00+00:00,0.0,0.0,0.0,0.0,0.0,0.0,0.0,0.0,500.0,500.0,0.0,0.0
2025-09-14 13:10:00+00:00,37.82508,0.03782508,0.0,0.0,0.0,0.0,0.0,0.0,500.0,500.0,0.0,0.0
2025-09-14 13:15:00+00:00,0.0,0.0,0.0,0.0,0.0,0.0,0.0,0.0,500.0,500.0,0.0,0.0
2025-09-14 13:20:00+00:00,-0.2385,-0.0002385,0.0,0.0,0.0,0.0,0.0,0.0,500.0,500.0,-0.0,0.0
2025-09-14 13:25:00+00:00,37.85774,0.03785774,0.0,0.0,0.0,0.0,0.0,0.0,500.0,500.0,0.0,0.0
2025-09-14 13:30:00+00:00,37.62013,0.03762013,0.0,0.0,0.0,0.0,0.0,0.0,500.0,500.0,0.0,0.0
2025-09-14 13:35:00+00:00,37.41607,0.037416069999999996,0.0,0.0,0.0,0.0,0.0,0.0,500.0,500.0,0.0,0.0
2025-09-14 13:40:00+00:00,37.3547,0.037354700000000005,0.0,0.0,0.0,0.0,0.0,0.0,500.0,500.0,0.0,0.0
2025-09-14 13:45:00+00:00,37.45797,0.03745797,0.0,0.0,0.0,0.0,0.0,0.0,500.0,500.0,0.0,0.0
2025-09-14 13:50:00+00:00,36.8681,0.0368681,0.0,0.0,0.0,0.0,0.0,0.0,500.0,500.0,0.0,0.0
2025-09-14 13:55:00+00:00,0.02949,2.9489999999999997e-05,0.0,0.0,0.0,0.0,0.0,0.0,500.0,500.0,0.0,0.0
2025-09-14 14:00:00+00:00,0.59805,0.0005980499999999999,0.0,0.0,0.0,0.0,0.0,0.0,500.0,500.0,0.0,0.0
2025-09-14 14:05:00+00:00,39.22643,0.03922643,0.0,0.0,0.0,0.0,0.0,0.0,500.0,500.0,0.0,0.0
2025-09-14 14:10:00+00:00,38.93509,0.038935090000000006,0.0,0.0,0.0,0.0,0.0,0.0,500.0,500.0,0.0,0.0
2025-09-14 14:15:00+00:00,1.59235,0.00159235,0.0,0.0,0.0,0.0,0.0,0.0,500.0,500.0,0.0,0.0
2025-09-14 14:20:00+00:00,37.02817,0.037028170000000006,0.0,0.0,0.0,0.0,0.0,0.0,500.0,500.0,0.0,0.0
2025-09-14 14:25:00+00:00,0.88852,0.00088852,0.0,0.0,0.0,0.0,0.0,0.0,500.0,500.0,0.0,0.0
2025-09-14 14:30:00+00:00,25.21451,0.02521451,0.0,0.0,0.0,0.0,0.0,0.0,500.0,500.0,0.0,0.0
2025-09-14 14:35:00+00:00,0.77974,0.00077974,0.0,0.0,0.0,0.0,0.0,0.0,500.0,500.0,0.0,0.0
2025-09-14 14:40:00+00:00,18.57563,0.01857563,0.0,0.0,0.0,0.0,0.0,0.0,500.0,500.0,0.0,0.0
2025-09-14 14:45:00+00:00,6.30024,0.0063002399999999995,0.0,0.0,0.0,0.0,0.0,0.0,500.0,500.0,0.0,0.0
2025-09-14 14:50:00+00:00,8.75088,0.00875088,0.0,0.0,0.0,0.0,0.0,0.0,500.0,500.0,0.0,0.0
2025-09-14 14:55:00+00:00,0.19975,0.00019975,0.0,0.0,0.0,0.0,0.0,0.0,500.0,500.0,0.0,0.0
2025-09-14 15:00:00+00:00,19.06249,0.01906249,0.0,0.0,0.0,0.0,0.0,0.0,500.0,500.0,0.0,0.0
2025-09-14 15:05:00+00:00,13.94822,0.013948219999999999,0.0,0.0,0.0,0.0,0.0,0.0,500.0,500.0,0.0,0.0
2025-09-14 15:10:00+00:00,13.13804,0.01313804,0.0,0.0,0.0,0.0,0.0,0.0,500.0,500.0,0.0,0.0
2025-09-14 15:15:00+00:00,0.29713,0.00029713,0.0,0.0,0.0,0.0,0.0,0.0,500.0,500.0,0.0,0.0
2025-09-14 15:20:00+00:00,18.32104,0.01832104,0.0,0.0,0.0,0.0,0.0,0.0,500.0,500.0,0.0,0.0
2025-09-14 15:25:00+00:00,9.45669,0.00945669,0.0,0.0,0.0,0.0,0.0,0.0,500.0,500.0,0.0,0.0
2025-09-14 15:30:00+00:00,4.84871,0.00484871,0.0,0.0,0.0,0.0,0.0,0.0,500.0,500.0,0.0,0.0
2025-09-14 15:35:00+00:00,6.76961,0.0067696100000000006,0.0,0.0,0.0,0.0,0.0,0.0,500.0,500.0,0.0,0.0
2025-09-14 15:40:00+00:00,8.99271,0.008992710000000001,0.0,0.0,0.0,0.0,0.0,0.0,500.0,500.0,0.0,0.0
2025-09-14 15:45:00+00:00,12.16141,0.01216141,0.0,0.0,0.0,0.0,0.0,0.0,500.0,500.0,0.0,0.0
2025-09-14 15:50:00+00:00,11.19999,0.01119999,0.0,0.0,0.0,0.0,0.0,0.0,500.0,500.0,0.0,0.0
2025-09-14 15:55:00+00:00,11.99846,0.011998459999999999,0.0,0.0,0.0,0.0,0.0,0.0,500.0,500.0,0.0,0.0
2025-09-14 16:00:00+00:00,0.22373,0.00022373,0.0,0.0,0.0,0.0,0.0,0.0,500.0,500.0,0.0,0.0
2025-09-14 16:05:00+00:00,0.2594,0.0002594,0.0,0.0,0.0,0.0,0.0,0.0,500.0,500.0,0.0,0.0
2025-09-14 16:10:00+00:00,27.56659,0.027566590000000002,0.0,0.0,0.0,0.0,0.0,0.0,500.0,500.0,0.0,0.0
2025-09-14 16:15:00+00:00,3.87131,0.0038713099999999998,0.0,0.0,0.0,0.0,0.0,0.0,500.0,500.0,0.0,0.0
2025-09-14 16:20:00+00:00,11.24588,0.01124588,0.0,0.0,0.0,0.0,0.0,0.0,500.0,500.0,0.0,0.0
2025-09-14 16:25:00+00:00,10.8411,0.010841100000000001,0.0,0.0,0.0,0.0,0.0,0.0,500.0,500.0,0.0,0.0
2025-09-14 16:30:00+00:00,0.08163,8.162999999999999e-05,0.0,0.0,0.0,0.0,0.0,0.0,500.0,500.0,0.0,0.0
2025-09-14 16:35:00+00:00,0.07819,7.819e-05,0.0,0.0,0.0,0.0,0.0,0.0,500.0,500.0,0.0,0.0
2025-09-14 16:40:00+00:00,0.07196,7.196e-05,0.0,0.0,0.0,0.0,0.0,0.0,500.0,500.0,0.0,0.0
2025-09-14 16:45:00+00:00,9.27798,0.00927798,0.0,0.0,0.0,0.0,0.0,0.0,500.0,500.0,0.0,0.0
2025-09-14 16:50:00+00:00,8.54737,0.00854737,0.0,0.0,0.0,0.0,0.0,0.0,500.0,500.0,0.0,0.0
2025-09-14 16:55:00+00:00,5.10772,0.00510772,0.0,0.0,0.0,0.0,0.0,0.0,500.0,500.0,0.0,0.0
2025-09-14 17:00:00+00:00,8.822,0.008822,0.0,0.0,0.0,0.0,0.0,0.0,500.0,500.0,0.0,0.0
2025-09-14 17:05:00+00:00,4.93952,0.00493952,0.0,0.0,0.0,0.0,0.0,0.0,500.0,500.0,0.0,0.0
2025-09-14 17:10:00+00:00,0.13184,0.00013184,0.0,0.0,0.0,0.0,0.0,0.0,500.0,500.0,0.0,0.0
2025-09-14 17:15:00+00:00,5.37166,0.00537166,0.0,0.0,0.0,0.0,0.0,0.0,500.0,500.0,0.0,0.0
2025-09-14 17:20:00+00:00,0.0946,9.460000000000001e-05,0.0,0.0,0.0,0.0,0.0,0.0,500.0,500.0,0.0,0.0
2025-09-14 17:25:00+00:00,4.94042,0.004940419999999999,0.0,0.0,0.0,0.0,0.0,0.0,500.0,500.0,0.0,0.0
2025-09-14 17:30:00+00:00,0.06381,6.381e-05,0.0,0.0,0.0,0.0,0.0,0.0,500.0,500.0,0.0,0.0
2025-09-14 17:35:00+00:00,5.01273,0.00501273,0.0,0.0,0.0,0.0,0.0,0.0,500.0,500.0,0.0,0.0
2025-09-14 17:40:00+00:00,0.0582,5.82e-05,0.0,0.0,0.0,0.0,0.0,0.0,500.0,500.0,0.0,0.0
2025-09-14 17:45:00+00:00,1.78573,0.0017857300000000001,0.0,0.0,0.0,0.0,0.0,0.0,500.0,500.0,0.0,0.0
2025-09-14 17:50:00+00:00,4.26171,0.00426171,0.0,0.0,0.0,0.0,0.0,0.0,500.0,500.0,0.0,0.0
2025-09-14 17:55:00+00:00,1.50811,0.00150811,0.0,0.0,0.0,0.0,0.0,0.0,500.0,500.0,0.0,0.0
2025-09-14 18:00:00+00:00,4.46504,0.00446504,0.0,0.0,0.0,0.0,0.0,0.0,500.0,500.0,0.0,0.0
2025-09-14 18:05:00+00:00,0.00949,9.49e-06,0.0,0.0,0.0,0.0,0.0,0.0,500.0,500.0,0.0,0.0
2025-09-14 18:10:00+00:00,4.52744,0.004527440000000001,0.0,0.0,0.0,0.0,0.0,0.0,500.0,500.0,0.0,0.0
2025-09-14 18:15:00+00:00,4.08013,0.0040801299999999995,0.0,0.0,0.0,0.0,0.0,0.0,500.0,500.0,0.0,0.0
2025-09-14 18:20:00+00:00,0.00353,3.53e-06,0.0,0.0,0.0,0.0,0.0,0.0,500.0,500.0,0.0,0.0
2025-09-14 18:25:00+00:00,0.00826,8.26e-06,0.0,0.0,0.0,0.0,0.0,0.0,500.0,500.0,0.0,0.0
2025-09-14 18:30:00+00:00,2.79864,0.00279864,0.0,0.0,0.0,0.0,0.0,0.0,500.0,500.0,0.0,0.0
2025-09-14 18:35:00+00:00,1.74968,0.00174968,0.0,0.0,0.0,0.0,0.0,0.0,500.0,500.0,0.0,0.0
2025-09-14 18:40:00+00:00,8.36403,0.00836403,0.0,0.0,0.0,0.0,0.0,0.0,500.0,500.0,0.0,0.0
2025-09-14 18:45:00+00:00,0.02355,2.355e-05,0.0,0.0,0.0,0.0,0.0,0.0,500.0,500.0,0.0,0.0
2025-09-14 18:50:00+00:00,4.92709,0.004927089999999999,0.0,0.0,0.0,0.0,0.0,0.0,500.0,500.0,0.0,0.0
2025-09-14 18:55:00+00:00,2.77779,0.00277779,0.0,0.0,0.0,0.0,0.0,0.0,500.0,500.0,0.0,0.0
2025-09-14 19:00:00+00:00,3.19423,0.00319423,0.0,0.0,0.0,0.0,0.0,0.0,500.0,500.0,0.0,0.0
2025-09-14 19:05:00+00:00,5.31881,0.00531881,0.0,0.0,0.0,0.0,0.0,0.0,500.0,500.0,0.0,0.0
2025-09-14 19:10:00+00:00,3.27305,0.00327305,0.0,0.0,0.0,0.0,0.0,0.0,500.0,500.0,0.0,0.0
2025-09-14 19:15:00+00:00,2.92251,0.00292251,0.0,0.0,0.0,0.0,0.0,0.0,500.0,500.0,0.0,0.0
2025-09-14 19:20:00+00:00,5.15988,0.00515988,0.0,0.0,0.0,0.0,0.0,0.0,500.0,500.0,0.0,0.0
2025-09-14 19:25:00+00:00,5.12416,0.00512416,0.0,0.0,0.0,0.0,0.0,0.0,500.0,500.0,0.0,0.0
2025-09-14 19:30:00+00:00,0.04704,4.704e-05,0.0,0.0,0.0,0.0,0.0,0.0,500.0,500.0,0.0,0.0
2025-09-14 19:35:00+00:00,2.98814,0.00298814,0.0,0.0,0.0,0.0,0.0,0.0,500.0,500.0,0.0,0.0
2025-09-14 19:40:00+00:00,8.72509,0.00872509,0.0,0.0,0.0,0.0,0.0,0.0,500.0,500.0,0.0,0.0
2025-09-14 19:45:00+00:00,6.7569,0.0067569,0.0,0.0,0.0,0.0,0.0,0.0,500.0,500.0,0.0,0.0
2025-09-14 19:50:00+00:00,0.01239,1.239e-05,0.0,0.0,0.0,0.0,0.0,0.0,500.0,500.0,0.0,0.0
2025-09-14 19:55:00+00:00,0.08897,8.897e-05,0.0,0.0,0.0,0.0,0.0,0.0,500.0,500.0,0.0,0.0
2025-09-14 20:00:00+00:00,-0.022,-2.2e-05,0.0,0.0,0.0,0.0,0.0,0.0,500.0,500.0,-0.0,0.0
2025-09-14 20:05:00+00:00,-1.84943,-0.00184943,0.0,0.0,0.0,0.0,0.0,0.0,500.0,500.0,-0.0,0.0
2025-09-14 20:10:00+00:00,1.83845,0.00183845,0.0,0.0,0.0,0.0,0.0,0.0,500.0,500.0,0.0,0.0
2025-09-14 20:15:00+00:00,4.41717,0.00441717,0.0,0.0,0.0,0.0,0.0,0.0,500.0,500.0,0.0,0.0
2025-09-14 20:20:00+00:00,4.79119,0.00479119,0.0,0.0,0.0,0.0,0.0,0.0,500.0,500.0,0.0,0.0
2025-09-14 20:25:00+00:00,5.38884,0.00538884,0.0,0.0,0.0,0.0,0.0,0.0,500.0,500.0,0.0,0.0
2025-09-14 20:30:00+00:00,8.40076,0.00840076,0.0,0.0,0.0,0.0,0.0,0.0,500.0,500.0,0.0,0.0
2025-09-14 20:35:00+00:00,2.33394,0.00233394,0.0,0.0,0.0,0.0,0.0,0.0,500.0,500.0,0.0,0.0
2025-09-14 20:40:00+00:00,7.35795,0.007357949999999999,0.0,0.0,0.0,0.0,0.0,0.0,500.0,500.0,0.0,0.0
2025-09-14 20:45:00+00:00,5.64875,0.00564875,0.0,0.0,0.0,0.0,0.0,0.0,500.0,500.0,0.0,0.0
2025-09-14 20:50:00+00:00,0.3105,0.0003105,0.0,0.0,0.0,0.0,0.0,0.0,500.0,500.0,0.0,0.0
2025-09-14 20:55:00+00:00,0.37713,0.00037713000000000004,0.0,0.0,0.0,0.0,0.0,0.0,500.0,500.0,0.0,0.0
2025-09-14 21:00:00+00:00,4.82675,0.0048267499999999994,0.0,0.0,0.0,0.0,0.0,0.0,500.0,500.0,0.0,0.0
2025-09-14 21:05:00+00:00,1.50672,0.00150672,0.0,0.0,0.0,0.0,0.0,0.0,500.0,500.0,0.0,0.0
2025-09-14 21:10:00+00:00,6.0158,0.0060158,0.0,0.0,0.0,0.0,0.0,0.0,500.0,500.0,0.0,0.0
2025-09-14 21:15:00+00:00,-0.16525,-0.00016525,0.0,0.0,0.0,0.0,0.0,0.0,500.0,500.0,-0.0,0.0
2025-09-14 21:20:00+00:00,-6.994,-0.006993999999999999,0.0,0.0,0.0,0.0,0.0,0.0,500.0,500.0,-0.0,0.0
2025-09-14 21:25:00+00:00,0.15266,0.00015266,0.0,0.0,0.0,0.0,0.0,0.0,500.0,500.0,0.0,0.0
2025-09-14 21:30:00+00:00,3.85555,0.00385555,0.0,0.0,0.0,0.0,0.0,0.0,500.0,500.0,0.0,0.0
2025-09-14 21:35:00+00:00,8.77149,0.00877149,0.0,0.0,0.0,0.0,0.0,0.0,500.0,500.0,0.0,0.0
2025-09-14 21:40:00+00:00,36.24201,0.03624201,0.0,0.0,0.0,0.0,0.0,0.0,500.0,500.0,0.0,0.0
2025-09-14 21:45:00+00:00,2.55329,0.00255329,0.0,0.0,0.0,0.0,0.0,0.0,500.0,500.0,0.0,0.0
2025-09-14 21:50:00+00:00,-8.26259,-0.00826259,0.0,0.0,0.0,0.0,0.0,0.0,500.0,500.0,-0.0,0.0
2025-09-14 21:55:00+00:00,-26.97719,-0.02697719,0.0,0.0,0.0,0.0,0.0,0.0,500.0,500.0,-0.0,0.0
2025-09-14 22:00:00+00:00,0.18095,0.00018095,0.0,0.0,0.0,0.0,0.0,0.0,500.0,500.0,0.0,0.0
2025-09-14 22:05:00+00:00,9.31698,0.009316979999999999,0.0,0.0,0.0,0.0,0.0,0.0,500.0,500.0,0.0,0.0
2025-09-14 22:10:00+00:00,3.63318,0.0036331799999999997,0.0,0.0,0.0,0.0,0.0,0.0,500.0,500.0,0.0,0.0
2025-09-14 22:15:00+00:00,4.60162,0.00460162,0.0,0.0,0.0,0.0,0.0,0.0,500.0,500.0,0.0,0.0
2025-09-14 22:20:00+00:00,4.67395,0.00467395,0.0,0.0,0.0,0.0,0.0,0.0,500.0,500.0,0.0,0.0
2025-09-14 22:25:00+00:00,4.71036,0.004710359999999999,0.0,0.0,0.0,0.0,0.0,0.0,500.0,500.0,0.0,0.0
2025-09-14 22:30:00+00:00,6.99828,0.00699828,0.0,0.0,0.0,0.0,0.0,0.0,500.0,500.0,0.0,0.0
2025-09-14 22:35:00+00:00,0.21711,0.00021710999999999999,0.0,0.0,0.0,0.0,0.0,0.0,500.0,500.0,0.0,0.0
2025-09-14 22:40:00+00:00,37.71145,0.03771145,0.0,0.0,0.0,0.0,0.0,0.0,500.0,500.0,0.0,0.0
2025-09-14 22:45:00+00:00,4.14267,0.00414267,0.0,0.0,0.0,0.0,0.0,0.0,500.0,500.0,0.0,0.0
2025-09-14 22:50:00+00:00,1.06342,0.00106342,0.0,0.0,0.0,0.0,0.0,0.0,500.0,500.0,0.0,0.0
2025-09-14 22:55:00+00:00,-0.19862,-0.00019862,0.0,0.0,0.0,0.0,0.0,0.0,500.0,500.0,-0.0,0.0
2025-09-14 23:00:00+00:00,3.75335,0.0037533500000000003,0.0,0.0,0.0,0.0,0.0,0.0,500.0,500.0,0.0,0.0
2025-09-14 23:05:00+00:00,4.90334,0.00490334,0.0,0.0,0.0,0.0,0.0,0.0,500.0,500.0,0.0,0.0
2025-09-14 23:10:00+00:00,0.01138,1.138e-05,0.0,0.0,0.0,0.0,0.0,0.0,500.0,500.0,0.0,0.0
2025-09-14 23:15:00+00:00,2.27294,0.00227294,0.0,0.0,0.0,0.0,0.0,0.0,500.0,500.0,0.0,0.0
2025-09-14 23:20:00+00:00,0.00019,1.9e-07,0.0,0.0,0.0,0.0,0.0,0.0,500.0,500.0,0.0,0.0
2025-09-14 23:25:00+00:00,4.03041,0.00403041,0.0,0.0,0.0,0.0,0.0,0.0,500.0,500.0,0.0,0.0
2025-09-14 23:30:00+00:00,5.39696,0.00539696,0.0,0.0,0.0,0.0,0.0,0.0,500.0,500.0,0.0,0.0
2025-09-14 23:35:00+00:00,9.13434,0.00913434,0.0,0.0,0.0,0.0,0.0,0.0,500.0,500.0,0.0,0.0
2025-09-14 23:40:00+00:00,18.71539,0.01871539,0.0,0.0,0.0,0.0,0.0,0.0,500.0,500.0,0.0,0.0
2025-09-14 23:45:00+00:00,24.28869,0.024288689999999998,0.0,0.0,0.0,0.0,0.0,0.0,500.0,500.0,0.0,0.0
2025-09-14 23:50:00+00:00,23.69614,0.02369614,0.0,0.0,0.0,0.0,0.0,0.0,500.0,500.0,0.0,0.0
2025-09-14 23:55:00+00:00,-0.06573,-6.573e-05,0.0,0.0,0.0,0.0,0.0,0.0,500.0,500.0,-0.0,0.0
2025-09-15 00:00:00+00:00,0.0,0.0,0.0,0.0,0.0,0.0,0.0,0.0,500.0,500.0,0.0,0.0
2025-09-15 00:05:00+00:00,0.0,0.0,0.0,0.0,0.0,0.0,0.0,0.0,500.0,500.0,0.0,0.0
2025-09-15 00:10:00+00:00,18.585,0.018585,0.0,0.0,0.0,0.0,0.0,0.0,500.0,500.0,0.0,0.0
2025-09-15 00:15:00+00:00,19.1988,0.0191988,0.0,0.0,0.0,0.0,0.0,0.0,500.0,500.0,0.0,0.0
2025-09-15 00:20:00+00:00,24.05,0.024050000000000002,0.0,0.0,0.0,0.0,0.0,0.0,500.0,500.0,0.0,0.0
2025-09-15 00:25:00+00:00,0.0,0.0,0.0,0.0,0.0,0.0,0.0,0.0,500.0,500.0,0.0,0.0
2025-09-15 00:30:00+00:00,0.0,0.0,0.0,0.0,0.0,0.0,0.0,0.0,500.0,500.0,0.0,0.0
2025-09-15 00:35:00+00:00,40.96346,0.04096346,0.0,0.0,0.0,0.0,0.0,0.0,500.0,500.0,0.0,0.0
2025-09-15 00:40:00+00:00,0.0,0.0,0.0,0.0,0.0,0.0,0.0,0.0,500.0,500.0,0.0,0.0
2025-09-15 00:45:00+00:00,51.8943,0.051894300000000004,0.0,0.0,0.0,0.0,0.0,0.0,500.0,500.0,0.0,0.0
2025-09-15 00:50:00+00:00,-0.74311,-0.0007431100000000001,0.0,0.0,0.0,0.0,0.0,0.0,500.0,500.0,-0.0,0.0
2025-09-15 00:55:00+00:00,62.42847,0.06242847,0.0,0.0,0.0,0.0,0.0,0.0,500.0,500.0,0.0,0.0
2025-09-15 01:00:00+00:00,0.0,0.0,0.0,0.0,0.0,0.0,0.0,0.0,500.0,500.0,0.0,0.0
2025-09-15 01:05:00+00:00,-0.65337,-0.00065337,0.0,0.0,0.0,0.0,0.0,0.0,500.0,500.0,-0.0,0.0
2025-09-15 01:10:00+00:00,46.22908,0.046229080000000006,0.0,0.0,0.0,0.0,0.0,0.0,500.0,500.0,0.0,0.0
2025-09-15 01:15:00+00:00,47.05636,0.04705636,0.0,0.0,0.0,0.0,0.0,0.0,500.0,500.0,0.0,0.0
2025-09-15 01:20:00+00:00,0.0,0.0,0.0,0.0,0.0,0.0,0.0,0.0,500.0,500.0,0.0,0.0
2025-09-15 01:25:00+00:00,0.0,0.0,0.0,0.0,0.0,0.0,0.0,0.0,500.0,500.0,0.0,0.0
2025-09-15 01:30:00+00:00,50.91961,0.05091961,0.0,0.0,0.0,0.0,0.0,0.0,500.0,500.0,0.0,0.0
2025-09-15 01:35:00+00:00,51.31982,0.05131982,0.0,0.0,0.0,0.0,0.0,0.0,500.0,500.0,0.0,0.0
2025-09-15 01:40:00+00:00,52.09066,0.05209066,0.0,0.0,0.0,0.0,0.0,0.0,500.0,500.0,0.0,0.0
2025-09-15 01:45:00+00:00,52.18187,0.052181870000000005,0.0,0.0,0.0,0.0,0.0,0.0,500.0,500.0,0.0,0.0
2025-09-15 01:50:00+00:00,52.0971,0.0520971,0.0,0.0,0.0,0.0,0.0,0.0,500.0,500.0,0.0,0.0
2025-09-15 01:55:00+00:00,0.0,0.0,0.0,0.0,0.0,0.0,0.0,0.0,500.0,500.0,0.0,0.0
2025-09-15 02:00:00+00:00,0.0,0.0,0.0,0.0,0.0,0.0,0.0,0.0,500.0,500.0,0.0,0.0
2025-09-15 02:05:00+00:00,43.22316,0.04322316,0.0,0.0,0.0,0.0,0.0,0.0,500.0,500.0,0.0,0.0
2025-09-15 02:10:00+00:00,-0.17101,-0.00017101,0.0,0.0,0.0,0.0,0.0,0.0,500.0,500.0,-0.0,0.0
2025-09-15 02:15:00+00:00,42.61193,0.04261193,0.0,0.0,0.0,0.0,0.0,0.0,500.0,500.0,0.0,0.0
2025-09-15 02:20:00+00:00,42.0122,0.0420122,0.0,0.0,0.0,0.0,0.0,0.0,500.0,500.0,0.0,0.0
2025-09-15 02:25:00+00:00,0.0,0.0,0.0,0.0,0.0,0.0,0.0,0.0,500.0,500.0,0.0,0.0
2025-09-15 02:30:00+00:00,0.0,0.0,0.0,0.0,0.0,0.0,0.0,0.0,500.0,500.0,0.0,0.0
2025-09-15 02:35:00+00:00,-0.14155,-0.00014155,0.0,0.0,0.0,0.0,0.0,0.0,500.0,500.0,-0.0,0.0
2025-09-15 02:40:00+00:00,41.51203,0.041512030000000005,0.0,0.0,0.0,0.0,0.0,0.0,500.0,500.0,0.0,0.0
2025-09-15 02:45:00+00:00,-0.16247,-0.00016247,0.0,0.0,0.0,0.0,0.0,0.0,500.0,500.0,-0.0,0.0
2025-09-15 02:50:00+00:00,-0.16264,-0.00016264,0.0,0.0,0.0,0.0,0.0,0.0,500.0,500.0,-0.0,0.0
2025-09-15 02:55:00+00:00,41.53878,0.041538780000000004,0.0,0.0,0.0,0.0,0.0,0.0,500.0,500.0,0.0,0.0
2025-09-15 03:00:00+00:00,0.0,0.0,0.0,0.0,0.0,0.0,0.0,0.0,500.0,500.0,0.0,0.0
2025-09-15 03:05:00+00:00,-0.16079,-0.00016078999999999998,0.0,0.0,0.0,0.0,0.0,0.0,500.0,500.0,-0.0,0.0
2025-09-15 03:10:00+00:00,-0.16008,-0.00016008,0.0,0.0,0.0,0.0,0.0,0.0,500.0,500.0,-0.0,0.0
2025-09-15 03:15:00+00:00,41.84538,0.04184538,0.0,0.0,0.0,0.0,0.0,0.0,500.0,500.0,0.0,0.0
2025-09-15 03:20:00+00:00,41.57719,0.04157719,0.0,0.0,0.0,0.0,0.0,0.0,500.0,500.0,0.0,0.0
2025-09-15 03:25:00+00:00,41.41425,0.04141425,0.0,0.0,0.0,0.0,0.0,0.0,500.0,500.0,0.0,0.0
2025-09-15 03:30:00+00:00,41.27541,0.04127541,0.0,0.0,0.0,0.0,0.0,0.0,500.0,500.0,0.0,0.0
2025-09-15 03:35:00+00:00,0.0,0.0,0.0,0.0,0.0,0.0,0.0,0.0,500.0,500.0,0.0,0.0
2025-09-15 03:40:00+00:00,0.0,0.0,0.0,0.0,0.0,0.0,0.0,0.0,500.0,500.0,0.0,0.0
2025-09-15 03:45:00+00:00,0.0,0.0,0.0,0.0,0.0,0.0,0.0,0.0,500.0,500.0,0.0,0.0
2025-09-15 03:50:00+00:00,40.40965,0.04040965,0.0,0.0,0.0,0.0,0.0,0.0,500.0,500.0,0.0,0.0
2025-09-15 03:55:00+00:00,0.01171,1.171e-05,0.0,0.0,0.0,0.0,0.0,0.0,500.0,500.0,0.0,0.0
2025-09-15 04:00:00+00:00,0.0,0.0,0.0,0.0,0.0,0.0,0.0,0.0,500.0,500.0,0.0,0.0
2025-09-15 04:05:00+00:00,0.0,0.0,0.0,0.0,0.0,0.0,0.0,0.0,500.0,500.0,0.0,0.0
2025-09-15 04:10:00+00:00,0.37161,0.00037161,0.0,0.0,0.0,0.0,0.0,0.0,500.0,500.0,0.0,0.0
2025-09-15 04:15:00+00:00,39.6686,0.0396686,0.0,0.0,0.0,0.0,0.0,0.0,500.0,500.0,0.0,0.0
2025-09-15 04:20:00+00:00,38.6104,0.038610399999999996,0.0,0.0,0.0,0.0,0.0,0.0,500.0,500.0,0.0,0.0
2025-09-15 04:25:00+00:00,0.0,0.0,0.0,0.0,0.0,0.0,0.0,0.0,500.0,500.0,0.0,0.0
2025-09-15 04:30:00+00:00,38.31089,0.03831089,0.0,0.0,0.0,0.0,0.0,0.0,500.0,500.0,0.0,0.0
2025-09-15 04:35:00+00:00,-0.47473,-0.00047473,0.0,0.0,0.0,0.0,0.0,0.0,500.0,500.0,-0.0,0.0
2025-09-15 04:40:00+00:00,38.28443,0.03828443,0.0,0.0,0.0,0.0,0.0,0.0,500.0,500.0,0.0,0.0
2025-09-15 04:45:00+00:00,-0.62959,-0.00062959,0.0,0.0,0.0,0.0,0.0,0.0,500.0,500.0,-0.0,0.0
2025-09-15 04:50:00+00:00,0.0,0.0,0.0,0.0,0.0,0.0,0.0,0.0,500.0,500.0,0.0,0.0
2025-09-15 04:55:00+00:00,38.44879,0.038448790000000004,0.0,0.0,0.0,0.0,0.0,0.0,500.0,500.0,0.0,0.0
2025-09-15 05:00:00+00:00,-0.56501,-0.00056501,0.0,0.0,0.0,0.0,0.0,0.0,500.0,500.0,-0.0,0.0
2025-09-15 05:05:00+00:00,0.0,0.0,0.0,0.0,0.0,0.0,0.0,0.0,500.0,500.0,0.0,0.0
2025-09-15 05:10:00+00:00,41.35986,0.04135986,0.0,0.0,0.0,0.0,0.0,0.0,500.0,500.0,0.0,0.0
2025-09-15 05:15:00+00:00,-0.59938,-0.00059938,0.0,0.0,0.0,0.0,0.0,0.0,500.0,500.0,-0.0,0.0
2025-09-15 05:20:00+00:00,0.0,0.0,0.0,0.0,0.0,0.0,0.0,0.0,500.0,500.0,0.0,0.0
2025-09-15 05:25:00+00:00,41.01855,0.04101855,0.0,0.0,0.0,0.0,0.0,0.0,500.0,500.0,0.0,0.0
2025-09-15 05:30:00+00:00,-0.70087,-0.00070087,0.0,0.0,0.0,0.0,0.0,0.0,500.0,500.0,-0.0,0.0
2025-09-15 05:35:00+00:00,39.98821,0.03998821,0.0,0.0,0.0,0.0,0.0,0.0,500.0,500.0,0.0,0.0
2025-09-15 05:40:00+00:00,40.22702,0.04022702,0.0,0.0,0.0,0.0,0.0,0.0,500.0,500.0,0.0,0.0
2025-09-15 05:45:00+00:00,39.82644,0.03982644,0.0,0.0,0.0,0.0,0.0,0.0,500.0,500.0,0.0,0.0
2025-09-15 05:50:00+00:00,39.37723,0.03937723,0.0,0.0,0.0,0.0,0.0,0.0,500.0,500.0,0.0,0.0
2025-09-15 05:55:00+00:00,-0.79538,-0.0007953799999999999,0.0,0.0,0.0,0.0,0.0,0.0,500.0,500.0,-0.0,0.0
2025-09-15 06:00:00+00:00,0.0,0.0,0.0,0.0,0.0,0.0,0.0,0.0,500.0,500.0,0.0,0.0
2025-09-15 06:05:00+00:00,40.31323,0.04031323,0.0,0.0,0.0,0.0,0.0,0.0,500.0,500.0,0.0,0.0
2025-09-15 06:10:00+00:00,38.37339,0.03837339,0.0,0.0,0.0,0.0,0.0,0.0,500.0,500.0,0.0,0.0
2025-09-15 06:15:00+00:00,37.73702,0.03773702,0.0,0.0,0.0,0.0,0.0,0.0,500.0,500.0,0.0,0.0
2025-09-15 06:20:00+00:00,0.0,0.0,0.0,0.0,0.0,0.0,0.0,0.0,500.0,500.0,0.0,0.0
2025-09-15 06:25:00+00:00,37.30167,0.03730167,0.0,0.0,0.0,0.0,0.0,0.0,500.0,500.0,0.0,0.0
2025-09-15 06:30:00+00:00,37.00595,0.037005949999999996,0.0,0.0,0.0,0.0,0.0,0.0,500.0,500.0,0.0,0.0
2025-09-15 06:35:00+00:00,37.77665,0.037776649999999995,0.0,0.0,0.0,0.0,0.0,0.0,500.0,500.0,0.0,0.0
2025-09-15 06:40:00+00:00,37.4432,0.037443199999999996,0.0,0.0,0.0,0.0,0.0,0.0,500.0,500.0,0.0,0.0
2025-09-15 06:45:00+00:00,35.98583,0.03598583,0.0,0.0,0.0,0.0,0.0,0.0,500.0,500.0,0.0,0.0
2025-09-15 06:50:00+00:00,37.02627,0.03702627,0.0,0.0,0.0,0.0,0.0,0.0,500.0,500.0,0.0,0.0
2025-09-15 06:55:00+00:00,-1.0395,-0.0010395,0.0,0.0,0.0,0.0,0.0,0.0,500.0,500.0,-0.0,0.0
2025-09-15 07:00:00+00:00,0.0,0.0,0.0,0.0,0.0,0.0,0.0,0.0,500.0,500.0,0.0,0.0
2025-09-15 07:05:00+00:00,0.0,0.0,0.0,0.0,0.0,0.0,0.0,0.0,500.0,500.0,0.0,0.0
2025-09-15 07:10:00+00:00,0.0,0.0,0.0,0.0,0.0,0.0,0.0,0.0,500.0,500.0,0.0,0.0
2025-09-15 07:15:00+00:00,0.0,0.0,0.0,0.0,0.0,0.0,0.0,0.0,500.0,500.0,0.0,0.0
2025-09-15 07:20:00+00:00,38.46791,0.03846791,0.0,0.0,0.0,0.0,0.0,0.0,500.0,500.0,0.0,0.0
2025-09-15 07:25:00+00:00,0.0,0.0,0.0,0.0,0.0,0.0,0.0,0.0,500.0,500.0,0.0,0.0
2025-09-15 07:30:00+00:00,0.0,0.0,0.0,0.0,0.0,0.0,0.0,0.0,500.0,500.0,0.0,0.0
2025-09-15 07:35:00+00:00,37.8141,0.0378141,0.0,0.0,0.0,0.0,0.0,0.0,500.0,500.0,0.0,0.0
2025-09-15 07:40:00+00:00,37.54707,0.037547069999999995,0.0,0.0,0.0,0.0,0.0,0.0,500.0,500.0,0.0,0.0
2025-09-15 07:45:00+00:00,-0.62861,-0.00062861,0.0,0.0,0.0,0.0,0.0,0.0,500.0,500.0,-0.0,0.0
2025-09-15 07:50:00+00:00,0.0,0.0,0.0,0.0,0.0,0.0,0.0,0.0,500.0,500.0,0.0,0.0
2025-09-15 07:55:00+00:00,36.22338,0.03622338,0.0,0.0,0.0,0.0,0.0,0.0,500.0,500.0,0.0,0.0
2025-09-15 08:00:00+00:00,38.43428,0.03843428,0.0,0.0,0.0,0.0,0.0,0.0,500.0,500.0,0.0,0.0
2025-09-15 08:05:00+00:00,37.29084,0.037290840000000006,0.0,0.0,0.0,0.0,0.0,0.0,500.0,500.0,0.0,0.0
2025-09-15 08:10:00+00:00,37.04387,0.03704387,0.0,0.0,0.0,0.0,0.0,0.0,500.0,500.0,0.0,0.0
2025-09-15 08:15:00+00:00,37.1301,0.0371301,0.0,0.0,0.0,0.0,0.0,0.0,500.0,500.0,0.0,0.0
2025-09-15 08:20:00+00:00,35.78989,0.03578989,0.0,0.0,0.0,0.0,0.0,0.0,500.0,500.0,0.0,0.0
2025-09-15 08:25:00+00:00,35.58252,0.03558252,0.0,0.0,0.0,0.0,0.0,0.0,500.0,500.0,0.0,0.0
2025-09-15 08:30:00+00:00,36.35123,0.03635123,0.0,0.0,0.0,0.0,0.0,0.0,500.0,500.0,0.0,0.0
2025-09-15 08:35:00+00:00,-0.59876,-0.0005987599999999999,0.0,0.0,0.0,0.0,0.0,0.0,500.0,500.0,-0.0,0.0
2025-09-15 08:40:00+00:00,0.01562,1.562e-05,0.0,0.0,0.0,0.0,0.0,0.0,500.0,500.0,0.0,0.0
2025-09-15 08:45:00+00:00,35.24729,0.03524729,0.0,0.0,0.0,0.0,0.0,0.0,500.0,500.0,0.0,0.0
2025-09-15 08:50:00+00:00,0.00099,9.9e-07,0.0,0.0,0.0,0.0,0.0,0.0,500.0,500.0,0.0,0.0
2025-09-15 08:55:00+00:00,34.68772,0.03468772,0.0,0.0,0.0,0.0,0.0,0.0,500.0,500.0,0.0,0.0
2025-09-15 09:00:00+00:00,38.6279,0.0386279,0.0,0.0,0.0,0.0,0.0,0.0,500.0,500.0,0.0,0.0
2025-09-15 09:05:00+00:00,37.88929,0.037889290000000006,0.0,0.0,0.0,0.0,0.0,0.0,500.0,500.0,0.0,0.0
2025-09-15 09:10:00+00:00,-0.82762,-0.00082762,0.0,0.0,0.0,0.0,0.0,0.0,500.0,500.0,-0.0,0.0
2025-09-15 09:15:00+00:00,-0.75273,-0.00075273,0.0,0.0,0.0,0.0,0.0,0.0,500.0,500.0,-0.0,0.0
2025-09-15 09:20:00+00:00,-0.75005,-0.00075005,0.0,0.0,0.0,0.0,0.0,0.0,500.0,500.0,-0.0,0.0
2025-09-15 09:25:00+00:00,-0.74865,-0.00074865,0.0,0.0,0.0,0.0,0.0,0.0,500.0,500.0,-0.0,0.0
2025-09-15 09:30:00+00:00,37.53283,0.037532829999999996,0.0,0.0,0.0,0.0,0.0,0.0,500.0,500.0,0.0,0.0
2025-09-15 09:35:00+00:00,36.68089,0.03668089,0.0,0.0,0.0,0.0,0.0,0.0,500.0,500.0,0.0,0.0
2025-09-15 09:40:00+00:00,36.68089,0.03668089,0.0,0.0,0.0,0.0,0.0,0.0,500.0,500.0,0.0,0.0
2025-09-15 09:45:00+00:00,-0.61082,-0.00061082,0.0,0.0,0.0,0.0,0.0,0.0,500.0,500.0,-0.0,0.0
2025-09-15 09:50:00+00:00,-0.61005,-0.00061005,0.0,0.0,0.0,0.0,0.0,0.0,500.0,500.0,-0.0,0.0
2025-09-15 09:55:00+00:00,0.0,0.0,0.0,0.0,0.0,0.0,0.0,0.0,500.0,500.0,0.0,0.0
2025-09-15 10:00:00+00:00,36.56452,0.03656452,0.0,0.0,0.0,0.0,0.0,0.0,500.0,500.0,0.0,0.0
2025-09-15 10:05:00+00:00,36.60323,0.03660323,0.0,0.0,0.0,0.0,0.0,0.0,500.0,500.0,0.0,0.0
2025-09-15 10:10:00+00:00,0.0,0.0,0.0,0.0,0.0,0.0,0.0,0.0,500.0,500.0,0.0,0.0
2025-09-15 10:15:00+00:00,0.0,0.0,0.0,0.0,0.0,0.0,0.0,0.0,500.0,500.0,0.0,0.0
2025-09-15 10:20:00+00:00,36.01274,0.03601274,0.0,0.0,0.0,0.0,0.0,0.0,500.0,500.0,0.0,0.0
2025-09-15 10:25:00+00:00,36.61542,0.03661542,0.0,0.0,0.0,0.0,0.0,0.0,500.0,500.0,0.0,0.0
2025-09-15 10:30:00+00:00,36.17413,0.03617413,0.0,0.0,0.0,0.0,0.0,0.0,500.0,500.0,0.0,0.0
2025-09-15 10:35:00+00:00,36.98915,0.036989150000000005,0.0,0.0,0.0,0.0,0.0,0.0,500.0,500.0,0.0,0.0
2025-09-15 10:40:00+00:00,-0.48565,-0.00048565,0.0,0.0,0.0,0.0,0.0,0.0,500.0,500.0,-0.0,0.0
2025-09-15 10:45:00+00:00,37.20055,0.03720055,0.0,0.0,0.0,0.0,0.0,0.0,500.0,500.0,0.0,0.0
2025-09-15 10:50:00+00:00,0.0,0.0,0.0,0.0,0.0,0.0,0.0,0.0,500.0,500.0,0.0,0.0
2025-09-15 10:55:00+00:00,-0.4931,-0.0004931,0.0,0.0,0.0,0.0,0.0,0.0,500.0,500.0,-0.0,0.0
2025-09-15 11:00:00+00:00,36.47802,0.03647802,0.0,0.0,0.0,0.0,0.0,0.0,500.0,500.0,0.0,0.0
2025-09-15 11:05:00+00:00,37.38376,0.03738376,0.0,0.0,0.0,0.0,0.0,0.0,500.0,500.0,0.0,0.0
2025-09-15 11:10:00+00:00,0.0,0.0,0.0,0.0,0.0,0.0,0.0,0.0,500.0,500.0,0.0,0.0
2025-09-15 11:15:00+00:00,37.3001,0.0373001,0.0,0.0,0.0,0.0,0.0,0.0,500.0,500.0,0.0,0.0
2025-09-15 11:20:00+00:00,37.42324,0.037423239999999997,0.0,0.0,0.0,0.0,0.0,0.0,500.0,500.0,0.0,0.0
2025-09-15 11:25:00+00:00,0.0,0.0,0.0,0.0,0.0,0.0,0.0,0.0,500.0,500.0,0.0,0.0
2025-09-15 11:30:00+00:00,37.70892,0.03770892,0.0,0.0,0.0,0.0,0.0,0.0,500.0,500.0,0.0,0.0
2025-09-15 11:35:00+00:00,37.84889,0.037848889999999996,0.0,0.0,0.0,0.0,0.0,0.0,500.0,500.0,0.0,0.0
2025-09-15 11:40:00+00:00,37.74291,0.037742910000000005,0.0,0.0,0.0,0.0,0.0,0.0,500.0,500.0,0.0,0.0
2025-09-15 11:45:00+00:00,0.0,0.0,0.0,0.0,0.0,0.0,0.0,0.0,500.0,500.0,0.0,0.0
2025-09-15 11:50:00+00:00,39.0396,0.0390396,0.0,0.0,0.0,0.0,0.0,0.0,500.0,500.0,0.0,0.0
2025-09-15 11:55:00+00:00,38.75623,0.03875623,0.0,0.0,0.0,0.0,0.0,0.0,500.0,500.0,0.0,0.0
2025-09-15 12:00:00+00:00,0.0,0.0,0.0,0.0,0.0,0.0,0.0,0.0,500.0,500.0,0.0,0.0
2025-09-15 12:05:00+00:00,0.0,0.0,0.0,0.0,0.0,0.0,0.0,0.0,500.0,500.0,0.0,0.0
2025-09-15 12:10:00+00:00,-0.68192,-0.0006819199999999999,0.0,0.0,0.0,0.0,0.0,0.0,500.0,500.0,-0.0,0.0
2025-09-15 12:15:00+00:00,39.18857,0.03918857,0.0,0.0,0.0,0.0,0.0,0.0,500.0,500.0,0.0,0.0
2025-09-15 12:20:00+00:00,41.64247,0.04164247,0.0,0.0,0.0,0.0,0.0,0.0,500.0,500.0,0.0,0.0
2025-09-15 12:25:00+00:00,0.0,0.0,0.0,0.0,0.0,0.0,0.0,0.0,500.0,500.0,0.0,0.0
2025-09-15 12:30:00+00:00,43.57272,0.043572719999999995,0.0,0.0,0.0,0.0,0.0,0.0,500.0,500.0,0.0,0.0
2025-09-15 12:35:00+00:00,0.0,0.0,0.0,0.0,0.0,0.0,0.0,0.0,500.0,500.0,0.0,0.0
2025-09-15 12:40:00+00:00,-0.76527,-0.00076527,0.0,0.0,0.0,0.0,0.0,0.0,500.0,500.0,-0.0,0.0
2025-09-15 12:45:00+00:00,45.55625,0.04555625,0.0,0.0,0.0,0.0,0.0,0.0,500.0,500.0,0.0,0.0
2025-09-15 12:50:00+00:00,45.85286,0.04585286,0.0,0.0,0.0,0.0,0.0,0.0,500.0,500.0,0.0,0.0
2025-09-15 12:55:00+00:00,0.0,0.0,0.0,0.0,0.0,0.0,0.0,0.0,500.0,500.0,0.0,0.0
,,,0.0,0.0,0.0,0.0,0.0,0.0,500.0,500.0,0.0,0.0